0
0 0 0 0 0 0 0 0 

0 0 0 0 0 0 0 0 

0 0 0 0 0 0 0 0 

0 0 0 W B 0 0 0 

0 0 0 B W 0 0 0 

0 0 0 0 0 0 0 0 

0 0 0 0 0 0 0 0 

0 0 0 0 0 0 0 0 



(4, 5)
1
0 0 0 0 0 0 0 0 

0 0 0 0 0 0 0 0 

0 0 0 0 0 0 0 0 

0 0 0 W B 0 0 0 

0 0 0 B B B 0 0 

0 0 0 0 0 0 0 0 

0 0 0 0 0 0 0 0 

0 0 0 0 0 0 0 0 



1
(2, 3)
1
0 0 0 0 0 0 0 0 

0 0 0 0 0 0 0 0 

0 0 0 B 0 0 0 0 

0 0 0 B B 0 0 0 

0 0 0 B W 0 0 0 

0 0 0 0 0 0 0 0 

0 0 0 0 0 0 0 0 

0 0 0 0 0 0 0 0 



1
(5, 4)
1
0 0 0 0 0 0 0 0 

0 0 0 0 0 0 0 0 

0 0 0 0 0 0 0 0 

0 0 0 W B 0 0 0 

0 0 0 B B 0 0 0 

0 0 0 0 B 0 0 0 

0 0 0 0 0 0 0 0 

0 0 0 0 0 0 0 0 



1
(3, 2)
1
0 0 0 0 0 0 0 0 

0 0 0 0 0 0 0 0 

0 0 0 0 0 0 0 0 

0 0 B B B 0 0 0 

0 0 0 B W 0 0 0 

0 0 0 0 0 0 0 0 

0 0 0 0 0 0 0 0 

0 0 0 0 0 0 0 0 



1
(5, 3)
2
0 0 0 0 0 0 0 0 

0 0 0 0 0 0 0 0 

0 0 0 0 0 0 0 0 

0 0 0 W B 0 0 0 

0 0 0 W B B 0 0 

0 0 0 W 0 0 0 0 

0 0 0 0 0 0 0 0 

0 0 0 0 0 0 0 0 



1
(5, 5)
2
0 0 0 0 0 0 0 0 

0 0 0 0 0 0 0 0 

0 0 0 0 0 0 0 0 

0 0 0 W B 0 0 0 

0 0 0 B W B 0 0 

0 0 0 0 0 W 0 0 

0 0 0 0 0 0 0 0 

0 0 0 0 0 0 0 0 



1
(3, 5)
2
0 0 0 0 0 0 0 0 

0 0 0 0 0 0 0 0 

0 0 0 0 0 0 0 0 

0 0 0 W W W 0 0 

0 0 0 B B B 0 0 

0 0 0 0 0 0 0 0 

0 0 0 0 0 0 0 0 

0 0 0 0 0 0 0 0 



1
(2, 2)
2
0 0 0 0 0 0 0 0 

0 0 0 0 0 0 0 0 

0 0 W B 0 0 0 0 

0 0 0 W B 0 0 0 

0 0 0 B W 0 0 0 

0 0 0 0 0 0 0 0 

0 0 0 0 0 0 0 0 

0 0 0 0 0 0 0 0 



1
(2, 4)
2
0 0 0 0 0 0 0 0 

0 0 0 0 0 0 0 0 

0 0 0 B W 0 0 0 

0 0 0 B W 0 0 0 

0 0 0 B W 0 0 0 

0 0 0 0 0 0 0 0 

0 0 0 0 0 0 0 0 

0 0 0 0 0 0 0 0 



1
(4, 2)
2
0 0 0 0 0 0 0 0 

0 0 0 0 0 0 0 0 

0 0 0 B 0 0 0 0 

0 0 0 B B 0 0 0 

0 0 W W W 0 0 0 

0 0 0 0 0 0 0 0 

0 0 0 0 0 0 0 0 

0 0 0 0 0 0 0 0 



1
(5, 3)
2
0 0 0 0 0 0 0 0 

0 0 0 0 0 0 0 0 

0 0 0 0 0 0 0 0 

0 0 0 W B 0 0 0 

0 0 0 W B 0 0 0 

0 0 0 W B 0 0 0 

0 0 0 0 0 0 0 0 

0 0 0 0 0 0 0 0 



1
(5, 5)
2
0 0 0 0 0 0 0 0 

0 0 0 0 0 0 0 0 

0 0 0 0 0 0 0 0 

0 0 0 W B 0 0 0 

0 0 0 B W 0 0 0 

0 0 0 0 B W 0 0 

0 0 0 0 0 0 0 0 

0 0 0 0 0 0 0 0 



1
(3, 5)
2
0 0 0 0 0 0 0 0 

0 0 0 0 0 0 0 0 

0 0 0 0 0 0 0 0 

0 0 0 W W W 0 0 

0 0 0 B B 0 0 0 

0 0 0 0 B 0 0 0 

0 0 0 0 0 0 0 0 

0 0 0 0 0 0 0 0 



1
(2, 2)
2
0 0 0 0 0 0 0 0 

0 0 0 0 0 0 0 0 

0 0 W 0 0 0 0 0 

0 0 B W B 0 0 0 

0 0 0 B W 0 0 0 

0 0 0 0 0 0 0 0 

0 0 0 0 0 0 0 0 

0 0 0 0 0 0 0 0 



1
(2, 4)
2
0 0 0 0 0 0 0 0 

0 0 0 0 0 0 0 0 

0 0 0 0 W 0 0 0 

0 0 B B W 0 0 0 

0 0 0 B W 0 0 0 

0 0 0 0 0 0 0 0 

0 0 0 0 0 0 0 0 

0 0 0 0 0 0 0 0 



1
(4, 2)
2
0 0 0 0 0 0 0 0 

0 0 0 0 0 0 0 0 

0 0 0 0 0 0 0 0 

0 0 B B B 0 0 0 

0 0 W W W 0 0 0 

0 0 0 0 0 0 0 0 

0 0 0 0 0 0 0 0 

0 0 0 0 0 0 0 0 



1
